1 1.5 0.5
0.95 1.45 0.5
0.9 1.4 0.5
0.85 1.35 0.5
0.8 1.3 0.5
0.75 1.25 0.5
0.7 1.2 0.5
0.65 1.15 0.5
0.65 1.1 0.5
0.65 1.05 0.5
0.65 1 0.5
0.65 0.95 0.5
0.65 0.9 0.5
0.65 0.85 0.5
0.65 0.8 0.5
0.65 0.75 0.5
0.65 0.7 0.5
0.65 0.65 0.5
0.65 0.6 0.5
0.65 0.55 0.5
0.65 0.55 0.55
0.65 0.55 0.6
0.65 0.55 0.65
0.65 0.55 0.7
0.65 0.55 0.75
0.65 0.55 0.8
0.65 0.55 0.85
0.65 0.55 0.9
0.65 0.55 0.95
0.6 0.5 0.95
0.55 0.45 0.95
0.5 0.4 0.95
0.45 0.35 0.95
0.4 0.3 0.95
0.35 0.25 0.95
0.3 0.2 0.95
0.25 0.15 0.95
0.2 0.1 0.95
0.15 0.05 0.95
0.1 8.88178e-16 0.95
0.05 -0.05 0.95
0 -0.1 0.95
-0.05 -0.15 0.95
-0.1 -0.2 0.95
-0.15 -0.25 0.95
-0.2 -0.3 0.95
-0.25 -0.35 0.95
-0.3 -0.4 0.95
-0.35 -0.45 0.95
-0.4 -0.5 0.95
-0.45 -0.55 0.95
-0.45 -0.6 0.95
-0.45 -0.65 0.95
-0.5 -0.7 0.95
-0.55 -0.75 0.95
-0.6 -0.8 0.95
-0.65 -0.85 0.95
-0.7 -0.9 0.95
-0.75 -0.95 0.95
-0.8 -1 0.95
-0.85 -1.05 0.95
-0.9 -1.1 0.95
-0.95 -1.15 0.95
-1 -1.2 0.95
-1.05 -1.25 0.95
-1.1 -1.3 0.95
-1.1 -1.35 0.95
-1.15 -1.4 0.95
-1.15 -1.45 0.95
-1.15 -1.5 0.95
-1.15 -1.5 1
-1.2 -1.55 1
